age_group,totalpositive,date,case_percent,deaths,deaths_percent,ca_percent
0-17,120,2020-04-02,,,,
18-49,5302,2020-04-02,,,,
50-64,2879,2020-04-02,,,,
65 and Older,2342,2020-04-02,,,,
Unknown,58,2020-04-02,,,,
0-17,137,2020-04-03,,,,
18-49,5917,2020-04-03,,,,
50-64,3253,2020-04-03,,,,
65 and Older,2660,2020-04-03,,,,
Unknown,59,2020-04-03,,,,
0-17,160,2020-04-04,,,,
18-49,6610,2020-04-04,,,,
50-64,3653,2020-04-04,,,,
65 and Older,2966,2020-04-04,,,,
Unknown,49,2020-04-04,,,,
0-17,173,2020-04-05,,,,
18-49,7099,2020-04-05,,,,
50-64,3884,2020-04-05,,,,
65 and Older,3129,2020-04-05,,,,
Unknown,51,2020-04-05,,,,
0-17,197,2020-04-06,,,,
18-49,7753,2020-04-06,,,,
50-64,4344,2020-04-06,,,,
65 and Older,3516,2020-04-06,,,,
Unknown,55,2020-04-06,,,,
0-17,222,2020-04-07,,,,
18-49,8289,2020-04-07,,,,
50-64,4639,2020-04-07,,,,
65 and Older,3751,2020-04-07,,,,
Unknown,56,2020-04-07,,,,
0-17,252,2020-04-08,,,,
18-49,8939,2020-04-08,,,,
50-64,5003,2020-04-08,,,,
65 and Older,4056,2020-04-08,,,,
Unknown,59,2020-04-08,,,,
0-17,269,2020-04-09,,,,
18-49,9469,2020-04-09,,,,
50-64,5347,2020-04-09,,,,
65 and Older,4335,2020-04-09,,,,
Unknown,52,2020-04-09,,,,
0-17,303,2020-04-10,,,,
18-49,10069,2020-04-10,,,,
50-64,5633,2020-04-10,,,,
65 and Older,4561,2020-04-10,,,,
Unknown,49,2020-04-10,,,,
0-17,330,2020-04-11,,,,
18-49,10599,2020-04-11,,,,
50-64,5941,2020-04-11,,,,
65 and Older,4870,2020-04-11,,,,
Unknown,54,2020-04-11,,,,
0-17,337,2020-04-12,,,,
18-49,10838,2020-04-12,,,,
50-64,6079,2020-04-12,,,,
65 and Older,5036,2020-04-12,,,,
Unknown,58,2020-04-12,,,,
0-17,362,2020-04-13,,,,
18-49,11246,2020-04-13,,,,
50-64,6348,2020-04-13,,,,
65 and Older,5320,2020-04-13,,,,
Unknown,62,2020-04-13,,,,
0-17,385,2020-04-14,,,,
18-49,11721,2020-04-14,,,,
50-64,6644,2020-04-14,,,,
65 and Older,5605,2020-04-14,,,,
Unknown,69,2020-04-14,,,,
0-17,432,2020-04-15,,,,
18-49,12479,2020-04-15,,,,
50-64,7141,2020-04-15,,,,
65 and Older,6051,2020-04-15,,,,
Unknown,79,2020-04-15,,,,
0-17,472,2020-04-16,,,,
18-49,13144,2020-04-16,,,,
50-64,7488,2020-04-16,,,,
65 and Older,6360,2020-04-16,,,,
Unknown,64,2020-04-16,,,,
0-17,507,2020-04-17,,,,
18-49,13798,2020-04-17,,,,
50-64,7862,2020-04-17,,,,
65 and Older,6729,2020-04-17,,,,
Unknown,67,2020-04-17,,,,
0-17,550,2020-04-18,,,,
18-49,14408,2020-04-18,,,,
50-64,8232,2020-04-18,,,,
65 and Older,7071,2020-04-18,,,,
Unknown,72,2020-04-18,,,,
0-17,573,2020-04-19,,,,
18-49,14690,2020-04-19,,,,
50-64,8385,2020-04-19,,,,
65 and Older,7267,2020-04-19,,,,
Unknown,63,2020-04-19,,,,
0-17,683,2020-04-20,,,,
18-49,15901,2020-04-20,,,,
50-64,8961,2020-04-20,,,,
65 and Older,7650,2020-04-20,,,,
Unknown,66,2020-04-20,,,,
0-17,768,2020-04-21,,,,
18-49,17009,2020-04-21,,,,
50-64,9517,2020-04-21,,,,
65 and Older,8035,2020-04-21,,,,
Unknown,67,2020-04-21,,,,
0-17,855,2020-04-22,2.29,0.0,0.0,22.49
18-49,18004,2020-04-22,48.18,99.0,7.09,43.52
50-64,10025,2020-04-22,26.83,223.0,15.97,18.42
65 and Older,8401,2020-04-22,22.48,1074.0,76.93,15.57
Unknown,84,2020-04-22,0.22,0.0,0.0,
0-17,936,2020-04-23,2.38,0.0,0.0,22.49
18-49,18954,2020-04-23,48.29,107.0,7.19,43.52
50-64,10451,2020-04-23,26.62,234.0,15.71,18.42
65 and Older,8832,2020-04-23,22.5,1148.0,77.1,15.57
Unknown,81,2020-04-23,0.21,0.0,0.0,
0-17,1011,2020-04-24,2.46,0.0,0.0,22.49
18-49,19897,2020-04-24,48.37,112.0,7.12,43.52
50-64,10885,2020-04-24,26.46,246.0,15.64,18.42
65 and Older,9256,2020-04-24,22.5,1215.0,77.24,15.57
Unknown,88,2020-04-24,0.21,0.0,0.0,
0-17,1039,2020-04-25,2.46,0.0,0.0,22.49
18-49,20379,2020-04-25,48.33,117.0,7.1,43.52
50-64,11139,2020-04-25,26.42,254.0,15.42,18.42
65 and Older,9512,2020-04-25,22.56,1276.0,77.47,15.57
Unknown,95,2020-04-25,0.23,0.0,0.0,
0-17,1085,2020-04-26,2.5,0.0,0.0,22.49
18-49,21028,2020-04-26,48.38,119.0,7.1,43.52
50-64,11442,2020-04-26,26.33,258.0,15.39,18.42
65 and Older,9824,2020-04-26,22.6,1299.0,77.51,15.57
Unknown,85,2020-04-26,0.2,0.0,0.0,
0-17,1190,2020-04-27,2.64,0.0,0.0,22.49
18-49,21888,2020-04-27,48.61,120.0,6.97,43.52
50-64,11781,2020-04-27,26.16,265.0,15.4,18.42
65 and Older,10086,2020-04-27,22.4,1336.0,77.63,15.57
Unknown,86,2020-04-27,0.19,0.0,0.0,
0-17,1263,2020-04-28,2.72,0.0,0.0,22.49
18-49,22596,2020-04-28,48.59,126.0,6.97,43.52
50-64,12153,2020-04-28,26.14,284.0,15.7,18.42
65+,10413,2020-04-28,22.39,1399.0,77.34,15.57
Unknown,75,2020-04-28,0.16,0.0,0.0,
0-17,1398,2020-04-29,2.86,0.0,0.0,22.49
18-49,23836,2020-04-29,48.73,131.0,6.93,43.52
50-64,12705,2020-04-29,25.97,292.0,15.45,18.42
65+,10906,2020-04-29,22.29,1467.0,77.62,15.57
Unknown,72,2020-04-29,0.15,0.0,0.0,
0-17,1449,2020-04-30,2.9,0.0,0.0,22.49
18-49,24613,2020-04-30,48.8,137.0,6.9,43.52
50-64,13044,2020-04-30,25.9,308.0,15.5,18.42
65+,11256,2020-04-30,22.3,1543.0,77.6,15.57
Unknown,80,2020-04-30,0.2,0.0,0.0,
0-17,1566,2020-05-01,3.0,0.0,0.0,22.49
18-49,25548,2020-05-01,48.95,139.0,6.67,43.52
50-64,13454,2020-05-01,25.78,322.0,15.46,18.42
65+,11547,2020-05-01,22.12,1622.0,77.87,15.57
Unknown,82,2020-05-01,0.16,0.0,0.0,
0-17,1640,2020-05-02,3.1,0.0,0.0,22.5
18-49,26256,2020-05-02,49.0,139.0,6.5,43.5
50-64,13773,2020-05-02,25.7,331.0,15.5,18.4
65+,11860,2020-05-02,22.1,1668.0,78.0,15.6
Unknown,87,2020-05-02,0.2,0.0,0.0,0.0
0-17,1715,2020-05-03,3.12,0.0,0.0,22.5
18-49,26956,2020-05-03,49.07,139.0,6.38,43.5
50-64,14078,2020-05-03,25.63,335.0,15.38,18.4
65+,12098,2020-05-03,22.02,1704.0,78.24,15.6
Unknown,90,2020-05-03,0.16,0.0,0.0,0.0
0-17,1773,2020-05-04,3.2,0.0,0.0,22.5
18-49,27556,2020-05-04,49.0,141.0,6.3,43.5
50-64,14366,2020-05-04,25.6,342.0,15.4,18.4
65+,12425,2020-05-04,22.1,1738.0,78.3,15.6
Unknown,92,2020-05-04,0.2,0.0,0.0,0.0
0-17,1937,2020-05-05,3.3,0.0,0.0,22.5
18-49,28968,2020-05-05,49.3,145.0,6.2,43.5
50-64,14974,2020-05-05,25.5,353.0,15.2,18.4
65+,12842,2020-05-05,21.8,1826.0,78.5,15.6
Unknown,94,2020-05-05,0.2,1.0,0.0,0.0
0-17,2055,2020-05-06,3.4,0.0,0.0,22.5
18-49,29902,2020-05-06,49.3,150.0,6.2,43.5
50-64,15375,2020-05-06,25.4,370.0,15.3,18.4
65+,13194,2020-05-06,21.8,1891.0,78.4,15.6
Unknown,88,2020-05-06,0.1,1.0,0.0,0.0
0-17,2181,2020-05-07,3.5,0.0,0.0,22.5
18-49,30860,2020-05-07,49.4,153.0,6.1,43.5
50-64,15793,2020-05-07,25.3,386.0,15.5,18.4
65+,13580,2020-05-07,21.7,1953.0,78.3,15.6
Unknown,98,2020-05-07,0.2,1.0,0.0,0.0
0-17,2260,2020-05-08,3.5,0.0,0.0,22.5
18-49,32004,2020-05-08,49.6,156.0,6.1,43.5
50-64,16250,2020-05-08,25.2,395.0,15.3,18.4
65+,13948,2020-05-08,21.6,2024.0,78.6,15.6
Unknown,99,2020-05-08,0.2,1.0,0.0,0.0
0-17,2373,2020-05-09,3.6,0.0,0.0,22.5
18-49,33190,2020-05-09,49.8,162.0,6.1,43.5
50-64,16729,2020-05-09,25.1,405.0,15.2,18.4
65+,14290,2020-05-09,21.4,2089.0,78.6,15.6
Unknown,98,2020-05-09,0.1,1.0,0.0,0.0
0-17,2444,2020-05-10,3.6,0.0,0.0,22.5
18-49,33805,2020-05-10,49.8,163.0,6.1,43.5
50-64,17002,2020-05-10,25.0,412.0,15.3,18.4
65+,14597,2020-05-10,21.5,2115.0,78.6,15.6
Unknown,91,2020-05-10,0.1,1.0,0.0,0.0
0-17,2549,2020-05-11,3.7,0.0,0.0,22.5
18-49,34573,2020-05-11,49.8,167.0,6.1,43.5
50-64,17322,2020-05-11,25.0,418.0,15.2,18.4
65+,14845,2020-05-11,21.4,2166.0,78.7,15.6
Unknown,93,2020-05-11,0.1,1.0,0.0,0.0
0-17,2672,2020-05-12,3.8,0.0,0.0,22.5
18-49,35567,2020-05-12,50.0,169.0,5.9,43.5
50-64,17701,2020-05-12,24.9,440.0,15.5,18.4
65+,15098,2020-05-12,21.2,2236.0,78.6,15.6
Unknown,103,2020-05-12,0.1,1.0,0.0,0.0
0-17,2799,2020-05-13,3.8,0.0,0.0,22.5
18-49,36602,2020-05-13,50.0,176.0,6.0,43.5
50-64,18154,2020-05-13,24.8,445.0,15.2,18.4
65+,15498,2020-05-13,21.2,2304.0,78.7,15.6
Unknown,111,2020-05-13,0.2,1.0,0.0,0.0
0-17,2951,2020-05-14,3.9,0.0,0.0,22.5
18-49,37637,2020-05-14,50.2,183.0,6.0,43.5
50-64,18510,2020-05-14,24.7,459.0,15.2,18.4
65+,15725,2020-05-14,21.0,2386.0,78.8,15.6
Unknown,113,2020-05-14,0.2,1.0,0.0,0.0
0-17,3064,2020-05-15,4.0,0.0,0.0,22.5
18-49,38611,2020-05-15,50.3,185.0,5.9,43.5
50-64,18908,2020-05-15,24.6,468.0,15.0,18.4
65+,16101,2020-05-15,21.0,2465.0,79.0,15.6
Unknown,109,2020-05-15,0.1,1.0,0.0,0.0
0-17,3225,2020-05-16,4.1,0.0,0.0,22.5
18-49,39651,2020-05-16,50.3,187.0,5.9,43.5
50-64,19365,2020-05-16,24.6,475.0,14.9,18.4
65+,16489,2020-05-16,20.9,2516.0,79.1,15.6
Unknown,109,2020-05-16,0.1,1.0,0.0,0.0
0-17,3355,2020-05-17,4.2,0.0,0.0,22.5
18-49,40539,2020-05-17,50.4,189.0,5.9,43.5
0-17,11064,2020-06-16,7.0,0.0,0.0,22.5
18-49,85325,2020-06-16,54.3,312.0,6.2,43.5
50-64,34922,2020-06-16,22.2,812.0,16.0,18.4
65+,25503,2020-06-16,16.2,3939.0,77.8,15.6
Missing,201,2020-06-16,0.1,1.0,0.0,0.0
0-17,10451,2020-06-14,6.9,0.0,0.0,22.5
18-49,81943,2020-06-14,54.1,307.0,6.2,43.5
50-64,33871,2020-06-14,22.4,798.0,16.0,18.4
65+,24981,2020-06-14,16.5,3874.0,77.8,15.6
Missing,206,2020-06-14,0.1,1.0,0.0,0.0
0-17,9819,2020-06-12,6.7,0.0,0.0,22.5
18-49,78441,2020-06-12,53.9,296.0,6.1,43.5
50-64,32783,2020-06-12,22.5,778.0,15.9,18.4
65+,24403,2020-06-12,16.8,3804.0,78.0,15.6
Missing,197,2020-06-12,0.1,1.0,0.0,0.0
0-17,7947,2020-06-06,6.2,0.0,0.0,22.5
18-49,68412,2020-06-06,53.1,269.0,6.0,43.5
50-64,29556,2020-06-06,22.9,709.0,15.8,18.4
65+,22704,2020-06-06,17.6,3523.0,78.3,15.6
Missing,193,2020-06-06,0.1,0.0,0.0,0.0
0-17,7678,2020-06-05,6.1,0.0,0.0,22.5
18-49,66755,2020-06-05,53.0,261.0,5.9,43.5
50-64,29033,2020-06-05,23.0,696.0,15.7,18.4
65+,22365,2020-06-05,17.7,3478.0,78.4,15.6
Missing,185,2020-06-05,0.1,0.0,0.0,0.0
50-64,19703,2020-05-17,24.5,481.0,15.0,18.4
65+,16727,2020-05-17,20.8,2546.0,79.2,15.2
Unknown,106,2020-05-17,0.1,0.0,0.0,0.0
0-17,3446,2020-05-18,4.2,0.0,0.0,22.5
18-49,41321,2020-05-18,50.5,190.0,5.8,43.5
50-64,20003,2020-05-18,24.5,483.0,14.9,18.4
65+,16920,2020-05-18,20.7,2577.0,79.3,15.6
Unknown,105,2020-05-18,0.1,0.0,0.0,0.0
0-17,3657,2020-05-19,4.4,0.0,0.0,22.5
18-49,42591,2020-05-19,50.7,195.0,5.8,43.5
50-64,20468,2020-05-19,24.4,509.0,15.1,18.4
65+,17232,2020-05-19,20.5,2670.0,79.1,15.6
Unknown,109,2020-05-19,0.1,0.0,0.0,0.0
0-17,3855,2020-05-20,4.5,0.0,0.0,22.5
18-49,43749,2020-05-20,50.8,198.0,5.7,43.5
50-64,20967,2020-05-20,24.3,522.0,15.1,18.4
65+,17513,2020-05-20,20.3,2731.0,79.1,15.6
Unknown,113,2020-05-20,0.1,0.0,0.0,0.0
0-17,4049,2020-05-21,4.6,0.0,0.0,22.5
18-49,44952,2020-05-21,50.8,203.0,5.7,43.5
50-64,21461,2020-05-21,24.3,536.0,15.1,18.4
65+,17864,2020-05-21,20.2,2805.0,79.1,15.6
Unknown,118,2020-05-21,0.1,0.0,0.0,0.0
0-17,4273,2020-05-22,4.7,0.0,0.0,22.5
18-49,46131,2020-05-22,50.9,203.0,5.7,43.5
50-64,21938,2020-05-22,24.2,544.0,15.2,18.4
65+,18164,2020-05-22,20.0,2842.0,79.2,15.6
Unknown,125,2020-05-22,0.1,0.0,0.0,0.0
0-17,4462,2020-05-23,4.8,0.0,0.0,22.5
18-49,47331,2020-05-23,51.1,204.0,5.6,43.5
50-64,22361,2020-05-23,24.1,556.0,15.2,18.4
65+,18424,2020-05-23,19.9,2885.0,79.1,15.6
Unknown,132,2020-05-23,0.1,1.0,0.0,0.0
0-17,4633,2020-05-24,4.9,0.0,0.0,22.5
18-49,48364,2020-05-24,51.1,206.0,5.6,43.5
50-64,22754,2020-05-24,24.1,560.0,15.3,18.4
65+,18670,2020-05-24,19.7,2899.0,79.1,15.6
Unknown,137,2020-05-24,0.1,1.0,0.0,0.0
0-17,4872,2020-05-25,5.0,0.0,0.0,22.5
18-49,49643,2020-05-25,51.3,208.0,5.7,43.5
50-64,23185,2020-05-25,24.0,560.0,15.2,18.4
65+,18898,2020-05-25,19.5,2911.0,79.1,15.6
Unknown,135,2020-05-25,0.1,0.0,0.0,0.0
0-17,5122,2020-05-26,5.2,0.0,0.0,22.5
18-49,50981,2020-05-26,51.5,210.0,5.7,43.5
50-64,23633,2020-05-26,23.9,564.0,15.2,18.4
65+,19095,2020-05-26,19.3,2933.0,79.1,15.6
Unknown,149,2020-05-26,0.2,0.0,0.0,0.0
0-17,5371,2020-05-27,5.3,0.0,0.0,22.5
18-49,52555,2020-05-27,51.7,218.0,5.7,43.5
50-64,24154,2020-05-27,23.8,579.0,15.2,18.4
65+,19462,2020-05-27,19.1,3019.0,79.1,15.6
Unknown,155,2020-05-27,0.2,0.0,0.0,0.0
0-17,5542,2020-05-28,5.3,0.0,0.0,22.5
18-49,53795,2020-05-28,51.8,222.0,5.7,43.5
50-64,24617,2020-05-28,23.7,599.0,15.3,18.4
65+,19773,2020-05-28,19.0,3083.0,79.0,15.6
Unknown,159,2020-05-28,0.2,0.0,0.0,0.0
0-17,5861,2020-05-29,5.5,0.0,0.0,22.5
18-49,55552,2020-05-29,52.0,228.0,5.7,43.5
50-64,25223,2020-05-29,23.6,618.0,15.5,18.4
65+,20073,2020-05-29,18.8,3139.0,78.8,15.6
Unknown,169,2020-05-29,0.2,0.0,0.0,0.0
0-17,6254,2020-05-30,5.7,0.0,0.0,22.5
18-49,57738,2020-05-30,52.2,230.0,5.7,43.5
50-64,25964,2020-05-30,23.5,627.0,15.5,18.4
65+,20455,2020-05-30,18.5,3186.0,78.8,15.6
Unknown,172,2020-05-30,0.2,0.0,0.0,0.0
0-17,6488,2020-05-31,5.7,0.0,0.0,22.5
18-49,59144,2020-05-31,52.3,231.0,5.7,43.5
50-64,26405,2020-05-31,23.4,636.0,15.6,18.4
65+,20792,2020-05-31,18.4,3213.0,78.8,15.6
Unknown,177,2020-05-31,0.2,0.0,0.0,0.0
0-17,6706,2020-06-01,5.8,0.0,0.0,22.5
18-49,60493,2020-06-01,52.5,235.0,5.7,43.5
50-64,26880,2020-06-01,23.3,642.0,15.6,18.4
65+,21054,2020-06-01,18.3,3250.0,78.7,15.6
Missing,177,2020-06-01,0.2,0.0,0.0,0.0
0-17,6925,2020-06-02,5.9,0.0,0.0,22.5
18-49,61896,2020-06-02,52.6,248.0,5.9,43.5
50-64,27334,2020-06-02,23.2,662.0,15.6,18.4
65+,21354,2020-06-02,18.1,3321.0,78.5,15.6
Missing,178,2020-06-02,0.2,0.0,0.0,0.0
0-17,7119,2020-06-03,5.9,0.0,0.0,22.5
18-49,63152,2020-06-03,52.7,250.0,5.8,43.5
50-64,27762,2020-06-03,23.2,671.0,15.6,18.4
65+,21595,2020-06-03,18.0,3377.0,78.6,15.6
Missing,179,2020-06-03,0.1,0.0,0.0,0.0
0-17,7408,2020-06-04,6.0,0.0,0.0,22.5
18-49,64914,2020-06-04,52.8,257.0,5.9,43.5
50-64,28396,2020-06-04,23.1,686.0,15.7,18.4
65+,22002,2020-06-04,17.9,3425.0,78.4,15.6
Missing,181,2020-06-04,0.1,0.0,0.0,0.0
0-17,8248,2020-06-07,6.3,0.0,0.0,22.5
18-49,69915,2020-06-07,53.2,271.0,6.0,43.5
50-64,30025,2020-06-07,22.9,715.0,15.8,18.4
65+,22939,2020-06-07,17.5,3542.0,78.2,15.6
Missing,192,2020-06-07,0.1,0.0,0.0,0.0
0-17,8509,2020-06-08,6.4,0.0,0.0,22.5
18-49,71233,2020-06-08,53.4,274.0,6.0,43.5
50-64,30400,2020-06-08,22.8,721.0,15.8,18.4
65+,23154,2020-06-08,17.3,3564.0,78.2,15.6
Missing,193,2020-06-08,0.1,0.0,0.0,0.0
0-17,8800,2020-06-09,6.5,0.0,0.0,22.5
18-49,72829,2020-06-09,53.5,280.0,6.0,43.5
50-64,30914,2020-06-09,22.7,741.0,15.9,18.4
65+,23469,2020-06-09,17.2,3642.0,78.1,15.6
Missing,179,2020-06-09,0.1,0.0,0.0,0.0
0-17,9136,2020-06-10,6.6,0.0,0.0,22.5
18-49,74622,2020-06-10,53.6,291.0,6.1,43.5
50-64,31530,2020-06-10,22.6,756.0,15.9,18.4
65+,23806,2020-06-10,17.1,3721.0,78.0,15.6
Missing,187,2020-06-10,0.1,1.0,0.0,0.0
0-17,9461,2020-06-11,6.7,0.0,0.0,22.5
18-49,76220,2020-06-11,53.7,295.0,6.1,43.5
50-64,32069,2020-06-11,22.6,771.0,16.0,18.4
65+,24043,2020-06-11,16.9,3765.0,77.9,15.6
Missing,190,2020-06-11,0.1,1.0,0.0,0.0
0-17,10184,2020-06-13,6.8,0.0,0.0,22.5
18-49,80348,2020-06-13,54.0,304.0,6.1,43.5
50-64,33357,2020-06-13,22.4,792.0,16.0,18.4
65+,24762,2020-06-13,16.6,3864.0,77.9,15.6
Missing,204,2020-06-13,0.1,1.0,0.0,0.0
0-17,10702,2020-06-15,7.0,0.0,0.0,22.5
18-49,83254,2020-06-15,54.2,308.0,6.2,43.5
50-64,34290,2020-06-15,22.3,801.0,16.0,18.4
65+,25109,2020-06-15,16.4,3892.0,77.8,15.6
Missing,205,2020-06-15,0.1,1.0,0.0,0.0
0-17,11582,2020-06-17,7.2,0.0,0.0,22.5
18-49,87796,2020-06-17,54.5,317.0,6.2,43.5
50-64,35609,2020-06-17,22.1,825.0,16.0,18.4
65+,25911,2020-06-17,16.1,3999.0,77.8,15.6
Missing,201,2020-06-17,0.1,1.0,0.0,0.0
0-17,12063,2020-06-18,7.3,0.0,0.0,22.5
18-49,90278,2020-06-18,54.6,320.0,6.1,43.5
50-64,36485,2020-06-18,22.1,841.0,16.0,18.4
65+,26385,2020-06-18,16.0,4088.0,77.9,15.6
Missing,205,2020-06-18,0.1,1.0,0.0,0.0
0-17,12441,2020-06-19,7.3,0.0,0.0,22.5
18-49,92703,2020-06-19,54.8,322.0,6.1,43.5
50-64,37213,2020-06-19,22.0,851.0,16.0,18.4
65+,26741,2020-06-19,15.8,4144.0,77.9,15.6
Missing,211,2020-06-19,0.1,1.0,0.0,0.0
0-17,12897,2020-06-20,7.4,0.0,0.0,22.5
18-49,95513,2020-06-20,54.9,326.0,6.0,43.5
50-64,38046,2020-06-20,21.9,868.0,16.1,18.4
65+,27173,2020-06-20,15.6,4207.0,77.9,15.6
Missing,195,2020-06-20,0.1,1.0,0.0,0.0
0-17,13346,2020-06-21,7.5,0.0,0.0,22.5
18-49,98269,2020-06-21,55.2,327.0,6.0,43.5
50-64,38795,2020-06-21,21.8,875.0,16.1,18.4
65+,27456,2020-06-21,15.4,4222.0,77.8,15.6
Missing,188,2020-06-21,0.1,1.0,0.0,0.0
0-17,13867,2020-06-22,7.6,0.0,0.0,22.5
18-49,101474,2020-06-22,55.4,328.0,6.0,43.5
50-64,39667,2020-06-22,21.7,880.0,16.2,18.4
65+,27864,2020-06-22,15.2,4236.0,77.8,15.6
Missing,201,2020-06-22,0.1,1.0,0.0,0.0
0-17,14524,2020-06-23,7.6,0.0,0.0,22.5
18-49,106053,2020-06-23,55.8,332.0,6.0,43.5
50-64,40923,2020-06-23,21.5,889.0,16.2,18.4
65+,28528,2020-06-23,15.0,4277.0,77.8,15.6
Missing,194,2020-06-23,0.1,1.0,0.0,0.0
0-17,14968,2020-06-24,7.7,0.0,0.0,22.5
18-49,109489,2020-06-24,56.0,336.0,6.0,43.5
50-64,41870,2020-06-24,21.4,909.0,16.2,18.4
65+,29048,2020-06-24,14.9,4357.0,77.8,15.6
Missing,196,2020-06-24,0.1,1.0,0.0,0.0
0-17,15449,2020-06-25,7.7,0.0,0.0,22.5
18-49,112547,2020-06-25,56.1,344.0,6.0,43.5
50-64,42721,2020-06-25,21.3,932.0,16.3,18.4
65+,29544,2020-06-25,14.7,4440.0,77.7,15.6
Missing,200,2020-06-25,0.1,1.0,0.0,0.0
0-17,16093,2020-06-26,7.8,0.0,0.0,22.5
18-49,116389,2020-06-26,56.4,347.0,6.0,43.5
50-64,43730,2020-06-26,21.2,944.0,16.3,18.4
65+,30007,2020-06-26,14.5,4494.0,77.7,15.6
Missing,214,2020-06-26,0.1,1.0,0.0,0.0
0-17,16546,2020-06-27,7.9,0.0,0.0,22.5
18-49,118923,2020-06-27,56.5,349.0,6.0,43.5
50-64,44383,2020-06-27,21.1,954.0,16.4,18.4
65+,30333,2020-06-27,14.4,4506.0,77.5,15.6
Missing,1058,2020-06-27,0.1,1.0,0.0,0.0
0-17,17157,2020-06-28,7.9,0.0,0.0,22.5
18-49,122833,2020-06-28,56.7,350.0,6.0,43.5
50-64,45434,2020-06-28,21.0,964.0,16.5,18.4
65+,30893,2020-06-28,14.3,4535.0,77.5,15.6
Missing,233,2020-06-28,0.1,1.0,0.0,0.0
0-17,17739,2020-06-29,8.0,0.0,0.0,22.5
18-49,127082,2020-06-29,57.0,351.0,6.0,43.5
50-64,46486,2020-06-29,20.9,967.0,16.5,18.4
65+,31379,2020-06-29,14.1,4558.0,77.6,15.6
Missing,231,2020-06-29,0.1,1.0,0.0,0.0
0-17,18672,2020-06-30,8.0,0.0,0.0,22.5
18-49,133458,2020-06-30,57.4,355.0,5.9,43.5
50-64,48149,2020-06-30,20.7,985.0,16.5,18.4
65+,32145,2020-06-30,13.8,4637.0,77.6,15.6
Missing,233,2020-06-30,0.1,1.0,0.0,0.0
0-17,19328,2020-07-01,8.0,0.0,0.0,22.5
18-49,138340,2020-07-01,57.6,361.0,6.0,43.5
50-64,49466,2020-07-01,20.6,1002.0,16.5,18.4
65+,32815,2020-07-01,13.7,4695.0,77.5,15.6
Missing,246,2020-07-01,0.1,1.0,0.0,0.0
0-17,20088,2020-07-02,8.1,0.0,0.0,22.5
18-49,143601,2020-07-02,57.8,369.0,6.0,43.5
50-64,50845,2020-07-02,20.5,1023.0,16.5,18.4
65+,33445,2020-07-02,13.5,4791.0,77.5,15.6
Missing,256,2020-07-02,0.1,1.0,0.0,0.0
0-17,20610,2020-07-03,8.1,0.0,0.0,22.5
18-49,147853,2020-07-03,58.0,375.0,6.0,43.5
50-64,51955,2020-07-03,20.4,1036.0,16.6,18.4
65+,34055,2020-07-03,13.4,4835.0,77.4,15.6
Missing,272,2020-07-03,0.1,1.0,0.0,0.0
0-17,21219,2020-07-04,8.2,0.0,0.0,22.5
18-49,151294,2020-07-04,58.2,378.0,6.0,43.5
50-64,52869,2020-07-04,20.3,1038.0,16.6,18.4
65+,34493,2020-07-04,13.3,4848.0,77.4,15.6
Missing,280,2020-07-04,0.1,1.0,0.0,0.0
0-17,22332,2020-07-05,8.2,0.0,0.0,22.5
18-49,158767,2020-07-05,58.4,384.0,6.1,43.5
50-64,54836,2020-07-05,20.2,1044.0,16.6,18.4
65+,35441,2020-07-05,13.0,4872.0,77.3,15.6
Missing,308,2020-07-05,0.1,1.0,0.0,0.0
0-17,22861,2020-07-06,8.2,0.0,0.0,22.5
18-49,162714,2020-07-06,58.6,392.0,6.2,43.5
50-64,55931,2020-07-06,20.1,1053.0,16.6,18.4
65+,35957,2020-07-06,12.9,4916.0,77.3,15.6
Missing,311,2020-07-06,0.1,1.0,0.0,0.0
0-17,23960,2020-07-07,8.3,0.0,0.0,22.5
18-49,170255,2020-07-07,58.8,410.0,6.3,43.5
50-64,58017,2020-07-07,20.0,1069.0,16.5,18.4
65+,36911,2020-07-07,12.8,4995.0,77.1,15.6
Missing,325,2020-07-07,0.1,1.0,0.0,0.0
0-17,24556,2020-07-08,8.3,0.0,0.0,22.5
18-49,174719,2020-07-08,58.9,423.0,6.4,43.5
50-64,59300,2020-07-08,20.0,1101.0,16.6,18.4
65+,37586,2020-07-08,12.7,5096.0,77.0,15.6
Missing,338,2020-07-08,0.1,1.0,0.0,0.0
0-17,25160,2020-07-09,8.3,0.0,0.0,22.5
18-49,179727,2020-07-09,59.1,437.0,6.4,43.5
50-64,60708,2020-07-09,20.0,1148.0,16.9,18.4
65+,38346,2020-07-09,12.6,5201.0,76.6,15.6
Missing,356,2020-07-09,0.1,1.0,0.0,0.0
0-17,25889,2020-07-10,8.3,0.0,0.0,22.5
18-49,184939,2020-07-10,59.2,446.0,6.5,43.5
50-64,62124,2020-07-10,19.9,1170.0,17.0,18.4
65+,39039,2020-07-10,12.5,5276.0,76.6,15.6
Missing,353,2020-07-10,0.1,0.0,0.0,0.0
0-17,26652,2020-07-11,8.3,0.0,0.0,22.5
18-49,190310,2020-07-11,59.3,454.0,6.5,43.5
50-64,63696,2020-07-11,19.9,1187.0,17.0,18.4
65+,39776,2020-07-11,12.4,5348.0,76.5,15.6
Missing,370,2020-07-11,0.1,0.0,0.0,0.0
0-17,27415,2020-07-12,8.3,0.0,0.0,22.5
18-49,195752,2020-07-12,59.5,455.0,6.5,43.5
50-64,65134,2020-07-12,19.8,1192.0,17.0,18.4
65+,40473,2020-07-12,12.3,5367.0,76.5,15.6
Missing,388,2020-07-12,0.1,0.0,0.0,0.0
0-17,28108,2020-07-13,8.4,0.0,0.0,22.5
18-49,200437,2020-07-13,59.6,456.0,6.5,43.5
50-64,66427,2020-07-13,19.7,1193.0,16.9,18.4
65+,41080,2020-07-13,12.2,5390.0,76.6,15.6
Missing,456,2020-07-13,0.1,0.0,0.0,0.0
0-17,29156,2020-07-14,8.4,0.0,0.0,22.5
18-49,207574,2020-07-14,59.7,466.0,6.5,43.5
50-64,68493,2020-07-14,19.7,1220.0,17.0,18.4
65+,42007,2020-07-14,12.1,5478.0,76.5,15.6
Missing,404,2020-07-14,0.1,0.0,0.0,0.0
0-17,29945,2020-07-15,8.4,0.0,0.0,22.5
18-49,213083,2020-07-15,59.8,477.0,6.5,43.5
50-64,69998,2020-07-15,19.7,1238.0,17.0,18.4
65+,42748,2020-07-15,12.0,5568.0,76.5,15.6
Missing,404,2020-07-15,0.1,0.0,0.0,0.0
0-17,31018,2020-07-16,8.5,0.0,0.0,22.5
18-49,219485,2020-07-16,59.9,484.0,6.5,43.5
50-64,71688,2020-07-16,19.6,1271.0,17.2,18.4
65+,43550,2020-07-16,11.9,5654.0,76.3,15.6
Missing,423,2020-07-16,0.1,0.0,0.0,0.0
0-17,31953,2020-07-17,8.5,0.0,0.0,22.5
18-49,225279,2020-07-17,60.0,491.0,6.5,43.5
50-64,73362,2020-07-17,19.5,1294.0,17.2,18.4
65+,44297,2020-07-17,11.8,5745.0,76.3,15.6
Missing,472,2020-07-17,0.1,0.0,0.0,0.0
0-17,32913,2020-07-18,8.6,0.0,0.0,22.5
18-49,231171,2020-07-18,60.1,505.0,6.6,43.5
50-64,74999,2020-07-18,19.5,1306.0,17.1,18.4
65+,45166,2020-07-18,11.7,5809.0,76.2,15.6
Missing,443,2020-07-18,0.1,0.0,0.0,0.0
0-17,33630,2020-07-19,8.6,0.0,0.0,22.5
18-49,235513,2020-07-19,60.2,506.0,6.6,43.5
50-64,76179,2020-07-19,19.5,1311.0,17.1,18.4
65+,45759,2020-07-19,11.7,5834.0,76.3,15.6
Missing,457,2020-07-19,0.1,0.0,0.0,0.0
0-17,34617,2020-07-20,8.6,0.0,0.0,22.5
18-49,241406,2020-07-20,60.2,508.0,6.6,43.5
50-64,77787,2020-07-20,19.4,1317.0,17.2,18.4
65+,46495,2020-07-20,11.6,5852.0,76.2,15.6
Missing,464,2020-07-20,0.1,0.0,0.0,0.0
0-17,35962,2020-07-21,8.7,0.0,0.0,22.5
18-49,249412,2020-07-21,60.3,516.0,6.6,43.5
50-64,80056,2020-07-21,19.4,1337.0,17.2,18.4
65+,47673,2020-07-21,11.5,5940.0,76.2,15.6
Missing,473,2020-07-21,0.1,0.0,0.0,0.0
0-17,37335,2020-07-22,8.8,0.0,0.0,22.5
18-49,256853,2020-07-22,60.3,526.0,6.6,43.5
50-64,82217,2020-07-22,19.3,1371.0,17.2,18.4
65+,48744,2020-07-22,11.5,6052.0,76.1,15.6
Missing,467,2020-07-22,0.1,0.0,0.0,0.0
0-17,38301,2020-07-23,8.8,0.0,0.0,22.5
18-49,262780,2020-07-23,60.4,547.0,6.8,43.5
50-64,84114,2020-07-23,19.3,1402.0,17.3,18.4
65+,49648,2020-07-23,11.4,6147.0,75.9,15.6
Missing,491,2020-07-23,0.1,0.0,0.0,0.0
0-17,39396,2020-07-24,8.8,0.0,0.0,22.5
18-49,268931,2020-07-24,60.4,567.0,6.9,43.5
50-64,86034,2020-07-24,19.3,1430.0,17.4,18.4
65+,50518,2020-07-24,11.3,6245.0,75.8,15.6
Missing,521,2020-07-24,0.1,0.0,0.0,0.0
0-17,40407,2020-07-25,8.9,0.0,0.0,22.5
18-49,274037,2020-07-25,60.4,580.0,6.9,43.5
50-64,87494,2020-07-25,19.3,1463.0,17.5,18.4
65+,51190,2020-07-25,11.3,6339.0,75.6,15.6
Missing,531,2020-07-25,0.1,0.0,0.0,0.0
0-17,41148,2020-07-26,8.9,0.0,0.0,22.5
18-49,278295,2020-07-26,60.4,585.0,7.0,43.5
50-64,88800,2020-07-26,19.3,1467.0,17.4,18.4
65+,51772,2020-07-26,11.2,6360.0,75.6,15.6
Missing,535,2020-07-26,0.1,0.0,0.0,0.0
0-17,41836,2020-07-27,9.0,0.0,0.0,22.5
18-49,282008,2020-07-27,60.4,589.0,7.0,43.5
50-64,89869,2020-07-27,19.3,1469.0,17.4,18.4
65+,52302,2020-07-27,11.2,6378.0,75.6,15.6
Missing,535,2020-07-27,0.1,0.0,0.0,0.0
0-17,42697,2020-07-28,9.0,0.0,0.0,22.5
18-49,287413,2020-07-28,60.5,606.0,7.1,43.5
50-64,91465,2020-07-28,19.2,1497.0,17.6,18.4
65+,53138,2020-07-28,11.2,6413.0,75.3,15.6
Missing,592,2020-07-28,0.1,0.0,0.0,0.0
0-17,43880,2020-07-29,9.0,0.0,0.0,22.5
18-49,293721,2020-07-29,60.5,626.0,7.2,43.5
50-64,93273,2020-07-29,19.2,1534.0,17.5,18.4
65+,54039,2020-07-29,11.1,6591.0,75.3,15.6
Missing,589,2020-07-29,0.1,0.0,0.0,0.0
0-17,44793,2020-07-30,9.1,0.0,0.0,22.5
18-49,298735,2020-07-30,60.5,637.0,7.1,43.5
50-64,94730,2020-07-30,19.2,1569.0,17.6,18.4
65+,54743,2020-07-30,11.1,6733.0,75.3,15.6
Missing,587,2020-07-30,0.1,0.0,0.0,0.0
0-17,45520,2020-07-31,9.1,0.0,0.0,22.5
18-49,302739,2020-07-31,60.5,649.0,7.1,43.5
50-64,95892,2020-07-31,19.2,1594.0,17.5,18.4
65+,55360,2020-07-31,11.1,6851.0,75.3,15.6
Missing,619,2020-07-31,0.1,1.0,0.0,0.0
0-17,46556,2020-08-01,9.1,0.0,0.0,22.5
18-49,308114,2020-08-01,60.5,666.0,7.2,43.5
50-64,97551,2020-08-01,19.2,1626.0,17.6,18.4
65+,56206,2020-08-01,11.0,6959.0,75.2,15.6
Missing,735,2020-08-01,0.1,1.0,0.0,0.0
0-17,47286,2020-08-02,9.2,1.0,0.0,22.5
18-49,311547,2020-08-02,60.5,674.0,7.2,43.5
50-64,98574,2020-08-02,19.1,1646.0,17.6,18.4
65+,56786,2020-08-02,11.0,7004.0,75.1,15.6
Missing,708,2020-08-02,0.1,1.0,0.0,0.0
0-17,47920,2020-08-03,9.2,1.0,0.0,22.5
18-49,314238,2020-08-03,60.5,676.0,7.2,43.5
50-64,99383,2020-08-03,19.1,1652.0,17.7,18.4
65+,57247,2020-08-03,11.0,7019.0,75.1,15.6
Missing,639,2020-08-03,0.1,1.0,0.0,0.0
0-17,48524,2020-08-04,9.2,1.0,0.0,22.5
18-49,317287,2020-08-04,60.5,690.0,7.2,43.5
50-64,100408,2020-08-04,19.1,1693.0,17.8,18.4
65+,57847,2020-08-04,11.0,7135.0,74.9,15.6
Missing,656,2020-08-04,0.1,1.0,0.0,0.0
0-17,49158,2020-08-05,9.3,1.0,0.0,22.5
18-49,320274,2020-08-05,60.4,699.0,7.2,43.5
50-64,101404,2020-08-05,19.1,1731.0,17.9,18.4
65+,58458,2020-08-05,11.0,7228.0,74.8,15.6
Missing,686,2020-08-05,0.1,1.0,0.0,0.0
0-17,50193,2020-08-06,9.3,1.0,0.0,22.5
18-49,325283,2020-08-06,60.4,714.0,7.3,43.5
50-64,102941,2020-08-06,19.1,1758.0,17.9,18.4
65+,59282,2020-08-06,11.0,7333.0,74.8,15.6
Missing,717,2020-08-06,0.1,1.0,0.0,0.0
0-17,51132,2020-08-07,9.4,1.0,0.0,22.5
18-49,329682,2020-08-07,60.4,729.0,7.3,43.5
50-64,104297,2020-08-07,19.1,1791.0,17.9,18.4
65+,59954,2020-08-07,11.0,7459.0,74.7,15.6
Missing,722,2020-08-07,0.1,2.0,0.0,0.0
0-17,52104,2020-08-08,9.4,1.0,0.0,22.5
18-49,334619,2020-08-08,60.4,745.0,7.3,43.5
50-64,105860,2020-08-08,19.1,1838.0,18.1,18.4
65+,60829,2020-08-08,11.0,7587.0,74.6,15.6
Missing,748,2020-08-08,0.1,2.0,0.0,0.0
0-17,53136,2020-08-09,9.5,1.0,0.0,22.5
18-49,339235,2020-08-09,60.4,750.0,7.3,43.5
50-64,107300,2020-08-09,19.1,1856.0,18.1,18.4
65+,61464,2020-08-09,10.9,7638.0,74.5,15.6
Missing,776,2020-08-09,0.1,2.0,0.0,0.0
0-17,54778,2020-08-10,9.5,1.0,0.0,22.5
18-49,346637,2020-08-10,60.3,750.0,7.3,43.5
50-64,109714,2020-08-10,19.1,1863.0,18.1,18.4
65+,62506,2020-08-10,10.9,7657.0,74.5,15.6
Missing,776,2020-08-10,0.1,1.0,0.0,0.0
0-17,56276,2020-08-11,9.6,1.0,0.0,22.5
18-49,353518,2020-08-11,60.3,763.0,7.3,43.5
50-64,111811,2020-08-11,19.1,1910.0,18.2,18.4
65+,63617,2020-08-11,10.9,7816.0,74.5,15.6
Missing,834,2020-08-11,0.1,1.0,0.0,0.0
0-17,57230,2020-08-12,9.6,1.0,0.0,22.5
18-49,357676,2020-08-12,60.3,769.0,7.2,43.5
50-64,113099,2020-08-12,19.1,1941.0,18.2,18.4
65+,64298,2020-08-12,10.8,7953.0,74.6,15.6
Missing,838,2020-08-12,0.1,2.0,0.0,0.0
0-17,58146,2020-08-13,9.7,1.0,0.0,22.5
18-49,362344,2020-08-13,60.3,783.0,7.2,43.5
50-64,114633,2020-08-13,19.1,1974.0,18.2,18.4
65+,65116,2020-08-13,10.8,8071.0,74.5,15.6
Missing,836,2020-08-13,0.1,2.0,0.0,0.0
0-17,59682,2020-08-14,9.7,1.0,0.0,22.5
18-49,369772,2020-08-14,60.3,789.0,7.2,43.5
50-64,116986,2020-08-14,19.1,2010.0,18.3,18.4
65+,66403,2020-08-14,10.8,8189.0,74.5,15.6
Missing,846,2020-08-14,0.1,5.0,0.0,0.0
0-17,60630,2020-08-15,9.8,1.0,0.0,22.5
18-49,374400,2020-08-15,60.2,801.0,7.2,43.5
50-64,118498,2020-08-15,19.1,2039.0,18.4,18.4
65+,67168,2020-08-15,10.8,8259.0,74.4,15.6
Missing,866,2020-08-15,0.1,4.0,0.0,0.0
0-17,61538,2020-08-16,9.8,1.0,0.0,22.5
18-49,378186,2020-08-16,60.2,800.0,7.2,43.5
50-64,119629,2020-08-16,19.0,2041.0,18.4,18.4
65+,67816,2020-08-16,10.8,8268.0,74.4,15.6
Missing,862,2020-08-16,0.1,4.0,0.0,0.0
0-17,62233,2020-08-17,9.8,1.0,0.0,22.5
18-49,380923,2020-08-17,60.2,805.0,7.2,43.5
50-64,120440,2020-08-17,19.0,2047.0,18.4,18.4
65+,68211,2020-08-17,10.8,8288.0,74.4,15.6
Missing,860,2020-08-17,0.1,4.0,0.0,0.0
0-17,63118,2020-08-18,9.9,1.0,0.0,22.5
18-49,384524,2020-08-18,60.2,812.0,7.2,43.5
50-64,121521,2020-08-18,19.0,2084.0,18.4,18.4
65+,68806,2020-08-18,10.8,8401.0,74.3,15.6
Missing,862,2020-08-18,0.1,3.0,0.0,0.0
0-17,63909,2020-08-19,9.9,1.0,0.0,22.5
18-49,388034,2020-08-19,60.2,833.0,7.3,43.5
50-64,122554,2020-08-19,19.0,2112.0,18.4,18.4
65+,69380,2020-08-19,10.8,8517.0,74.3,15.6
Missing,874,2020-08-19,0.1,3.0,0.0,0.0
0-17,64573,2020-08-20,9.9,2.0,0.0,22.5
18-49,391321,2020-08-20,60.2,842.0,7.3,43.5
50-64,123591,2020-08-20,19.0,2142.0,18.5,18.4
65+,69957,2020-08-20,10.8,8601.0,74.2,15.6
Missing,894,2020-08-20,0.1,3.0,0.0,0.0
0-17,65360,2020-08-21,9.9,2.0,0.0,22.5
18-49,395106,2020-08-21,60.1,847.0,7.2,43.5
50-64,124841,2020-08-21,19.0,2169.0,18.5,18.4
65+,70688,2020-08-21,10.8,8720.0,74.3,15.6
Missing,897,2020-08-21,0.1,3.0,0.0,0.0
0-17,66204,2020-08-22,10.0,2.0,0.0,22.5
18-49,399060,2020-08-22,60.1,866.0,7.2,43.5
50-64,126041,2020-08-22,19.0,2204.0,18.5,18.4
65+,71455,2020-08-22,10.8,8870.0,74.3,15.6
Missing,909,2020-08-22,0.1,3.0,0.0,0.0
0-17,66828,2020-08-23,10.0,2.0,0.0,22.5
18-49,401960,2020-08-23,60.1,868.0,7.3,43.5
50-64,126998,2020-08-23,19.0,2209.0,18.5,18.4
65+,71901,2020-08-23,10.8,8873.0,74.2,15.6
Missing,928,2020-08-23,0.1,3.0,0.0,0.0
0-17,67462,2020-08-24,10.0,2.0,0.0,22.5
18-49,404499,2020-08-24,60.1,871.0,7.3,43.5
50-64,127847,2020-08-24,19.0,2213.0,18.4,18.4
65+,72358,2020-08-24,10.8,8914.0,74.3,15.6
Missing,929,2020-08-24,0.1,3.0,0.0,0.0
0-17,68163,2020-08-25,10.0,3.0,0.0,22.5
18-49,408100,2020-08-25,60.1,877.0,7.2,43.5
50-64,128929,2020-08-25,19.0,2247.0,18.5,18.4
65+,72988,2020-08-25,10.7,9027.0,74.2,15.6
Missing,919,2020-08-25,0.1,4.0,0.0,0.0
0-17,68731,2020-08-26,10.1,3.0,0.0,22.5
18-49,410668,2020-08-26,60.1,888.0,7.2,43.5
50-64,129732,2020-08-26,19.0,2266.0,18.4,18.4
65+,73489,2020-08-26,10.8,9135.0,74.3,15.6
Missing,909,2020-08-26,0.1,4.0,0.0,0.0
0-17,69369,2020-08-27,10.1,4.0,0.0,22.5
18-49,413764,2020-08-27,60.1,901.0,7.2,43.5
50-64,130701,2020-08-27,19.0,2301.0,18.5,18.4
65+,74124,2020-08-27,10.8,9252.0,74.2,15.6
Missing,900,2020-08-27,0.1,3.0,0.0,0.0
0-17,69964,2020-08-28,10.1,3.0,0.0,22.5
18-49,416615,2020-08-28,60.0,907.0,7.2,43.5
50-64,131694,2020-08-28,19.0,2317.0,18.4,18.4
65+,74665,2020-08-28,10.8,9339.0,74.3,15.6
Missing,901,2020-08-28,0.1,3.0,0.0,0.0
0-17,70677,2020-08-29,10.1,3.0,0.0,22.5
18-49,420231,2020-08-29,60.0,922.0,7.2,43.5
50-64,132806,2020-08-29,19.0,2348.0,18.4,18.4
65+,75284,2020-08-29,10.8,9470.0,74.3,15.6
Missing,911,2020-08-29,0.1,2.0,0.0,0.0
0-17,71224,2020-08-30,10.1,3.0,0.0,22.5
18-49,422691,2020-08-30,60.0,920.0,7.2,43.5
50-64,133533,2020-08-30,19.0,2351.0,18.4,18.4
65+,75729,2020-08-30,10.8,9481.0,74.3,15.6
Missing,908,2020-08-30,0.1,2.0,0.0,0.0
